   0.0000000e+00   1.0000000e+00
   2.0040080e+02   9.6660136e-01
   4.0080160e+02   9.2972466e-01
   6.0120240e+02   9.3935862e-01
   8.0160321e+02   9.9080722e-01
   1.0020040e+03   1.0683374e+00
   1.2024048e+03   1.1538360e+00
   1.4028056e+03   1.2258499e+00
   1.6032064e+03   1.2635475e+00
   1.8036072e+03   1.2562407e+00
   2.0040080e+03   1.2088511e+00
   2.2044088e+03   1.1363584e+00
   2.4048096e+03   1.0540316e+00
   2.6052104e+03   9.7222998e-01
   2.8056112e+03   8.9626995e-01
   3.0060120e+03   8.2814014e-01
   3.2064128e+03   7.6808078e-01
   3.4068136e+03   7.1557522e-01
   3.6072144e+03   6.6988001e-01
   3.8076152e+03   6.3029336e-01
   4.0080160e+03   5.9631015e-01
   4.2084168e+03   5.6777514e-01
   4.4088176e+03   5.4517530e-01
   4.6092184e+03   5.3041890e-01
   4.8096192e+03   5.2937794e-01
   5.0100200e+03   5.6260719e-01
   5.2104208e+03   7.3521589e-01
   5.4108216e+03   2.3257624e+00
   5.6112224e+03   8.0535813e-01
   5.8116232e+03   4.9428686e-01
   6.0120240e+03   4.1407410e-01
   6.2124248e+03   3.7743024e-01
   6.4128257e+03   3.5460837e-01
   6.6132265e+03   3.3769727e-01
   6.8136273e+03   3.2389525e-01
   7.0140281e+03   3.1199880e-01
   7.2144289e+03   3.0141083e-01
   7.4148297e+03   2.9179917e-01
   7.6152305e+03   2.8296080e-01
   7.8156313e+03   2.7476155e-01
   8.0160321e+03   2.6710679e-01
   8.2164329e+03   2.5992619e-01
   8.4168337e+03   2.5316515e-01
   8.6172345e+03   2.4677986e-01
   8.8176353e+03   2.4073421e-01
   9.0180361e+03   2.3499774e-01
   9.2184369e+03   2.2954437e-01
   9.4188377e+03   2.2435146e-01
   9.6192385e+03   2.1939911e-01
   9.8196393e+03   2.1466971e-01
   1.0020040e+04   2.1014753e-01
   1.0220441e+04   2.0581845e-01
   1.0420842e+04   2.0166972e-01
   1.0621242e+04   1.9768980e-01
   1.0821643e+04   1.9386815e-01
   1.1022044e+04   1.9019519e-01
   1.1222445e+04   1.8666209e-01
   1.1422846e+04   1.8326078e-01
   1.1623246e+04   1.7998381e-01
   1.1823647e+04   1.7682430e-01
   1.2024048e+04   1.7377590e-01
   1.2224449e+04   1.7083272e-01
   1.2424850e+04   1.6798929e-01
   1.2625251e+04   1.6524051e-01
   1.2825651e+04   1.6258165e-01
   1.3026052e+04   1.6000830e-01
   1.3226453e+04   1.5751632e-01
   1.3426854e+04   1.5510185e-01
   1.3627255e+04   1.5276128e-01
   1.3827655e+04   1.5049122e-01
   1.4028056e+04   1.4828848e-01
   1.4228457e+04   1.4615007e-01
   1.4428858e+04   1.4407318e-01
   1.4629259e+04   1.4205516e-01
   1.4829659e+04   1.4009351e-01
   1.5030060e+04   1.3818587e-01
   1.5230461e+04   1.3633003e-01
   1.5430862e+04   1.3452388e-01
   1.5631263e+04   1.3276542e-01
   1.5831663e+04   1.3105278e-01
   1.6032064e+04   1.2938416e-01
   1.6232465e+04   1.2775789e-01
   1.6432866e+04   1.2617234e-01
   1.6633267e+04   1.2462600e-01
   1.6833667e+04   1.2311743e-01
   1.7034068e+04   1.2164523e-01
   1.7234469e+04   1.2020810e-01
   1.7434870e+04   1.1880479e-01
   1.7635271e+04   1.1743412e-01
   1.7835671e+04   1.1609494e-01
   1.8036072e+04   1.1478618e-01
   1.8236473e+04   1.1350681e-01
   1.8436874e+04   1.1225583e-01
   1.8637275e+04   1.1103232e-01
   1.8837675e+04   1.0983536e-01
   1.9038076e+04   1.0866410e-01
   1.9238477e+04   1.0751771e-01
   1.9438878e+04   1.0639541e-01
   1.9639279e+04   1.0529643e-01
   1.9839679e+04   1.0422006e-01
   2.0040080e+04   1.0316560e-01
   2.0240481e+04   1.0213239e-01
   2.0440882e+04   1.0111977e-01
   2.0641283e+04   1.0012715e-01
   2.0841683e+04   9.9153934e-02
   2.1042084e+04   9.8199551e-02
   2.1242485e+04   9.7263459e-02
   2.1442886e+04   9.6345134e-02
   2.1643287e+04   9.5444074e-02
   2.1843687e+04   9.4559793e-02
   2.2044088e+04   9.3691826e-02
   2.2244489e+04   9.2839721e-02
   2.2444890e+04   9.2003048e-02
   2.2645291e+04   9.1181387e-02
   2.2845691e+04   9.0374338e-02
   2.3046092e+04   8.9581511e-02
   2.3246493e+04   8.8802534e-02
   2.3446894e+04   8.8037044e-02
   2.3647295e+04   8.7284693e-02
   2.3847695e+04   8.6545144e-02
   2.4048096e+04   8.5818071e-02
   2.4248497e+04   8.5103161e-02
   2.4448898e+04   8.4400110e-02
   2.4649299e+04   8.3708624e-02
   2.4849699e+04   8.3028418e-02
   2.5050100e+04   8.2359219e-02
   2.5250501e+04   8.1700759e-02
   2.5450902e+04   8.1052782e-02
   2.5651303e+04   8.0415039e-02
   2.5851703e+04   7.9787287e-02
   2.6052104e+04   7.9169294e-02
   2.6252505e+04   7.8560833e-02
   2.6452906e+04   7.7961683e-02
   2.6653307e+04   7.7371633e-02
   2.6853707e+04   7.6790476e-02
   2.7054108e+04   7.6218012e-02
   2.7254509e+04   7.5654047e-02
   2.7454910e+04   7.5098391e-02
   2.7655311e+04   7.4550863e-02
   2.7855711e+04   7.4011285e-02
   2.8056112e+04   7.3479484e-02
   2.8256513e+04   7.2955293e-02
   2.8456914e+04   7.2438549e-02
   2.8657315e+04   7.1929095e-02
   2.8857715e+04   7.1426776e-02
   2.9058116e+04   7.0931443e-02
   2.9258517e+04   7.0442952e-02
   2.9458918e+04   6.9961161e-02
   2.9659319e+04   6.9485933e-02
   2.9859719e+04   6.9017134e-02
   3.0060120e+04   6.8554634e-02
   3.0260521e+04   6.8098308e-02
   3.0460922e+04   6.7648031e-02
   3.0661323e+04   6.7203684e-02
   3.0861723e+04   6.6765151e-02
   3.1062124e+04   6.6332318e-02
   3.1262525e+04   6.5905073e-02
   3.1462926e+04   6.5483310e-02
   3.1663327e+04   6.5066924e-02
   3.1863727e+04   6.4655811e-02
   3.2064128e+04   6.4249872e-02
   3.2264529e+04   6.3849010e-02
   3.2464930e+04   6.3453130e-02
   3.2665331e+04   6.3062140e-02
   3.2865731e+04   6.2675949e-02
   3.3066132e+04   6.2294469e-02
   3.3266533e+04   6.1917614e-02
   3.3466934e+04   6.1545301e-02
   3.3667335e+04   6.1177448e-02
   3.3867735e+04   6.0813975e-02
   3.4068136e+04   6.0454803e-02
   3.4268537e+04   6.0099858e-02
   3.4468938e+04   5.9749065e-02
   3.4669339e+04   5.9402350e-02
   3.4869739e+04   5.9059644e-02
   3.5070140e+04   5.8720877e-02
   3.5270541e+04   5.8385982e-02
   3.5470942e+04   5.8054891e-02
   3.5671343e+04   5.7727542e-02
   3.5871743e+04   5.7403869e-02
   3.6072144e+04   5.7083813e-02
   3.6272545e+04   5.6767312e-02
   3.6472946e+04   5.6454307e-02
   3.6673347e+04   5.6144742e-02
   3.6873747e+04   5.5838558e-02
   3.7074148e+04   5.5535701e-02
   3.7274549e+04   5.5236118e-02
   3.7474950e+04   5.4939754e-02
   3.7675351e+04   5.4646559e-02
   3.7875752e+04   5.4356482e-02
   3.8076152e+04   5.4069473e-02
   3.8276553e+04   5.3785484e-02
   3.8476954e+04   5.3504466e-02
   3.8677355e+04   5.3226375e-02
   3.8877756e+04   5.2951164e-02
   3.9078156e+04   5.2678789e-02
   3.9278557e+04   5.2409205e-02
   3.9478958e+04   5.2142371e-02
   3.9679359e+04   5.1878244e-02
   3.9879760e+04   5.1616784e-02
   4.0080160e+04   5.1357949e-02
   4.0280561e+04   5.1101701e-02
   4.0480962e+04   5.0848001e-02
   4.0681363e+04   5.0596812e-02
   4.0881764e+04   5.0348095e-02
   4.1082164e+04   5.0101814e-02
   4.1282565e+04   4.9857935e-02
   4.1482966e+04   4.9616422e-02
   4.1683367e+04   4.9377240e-02
   4.1883768e+04   4.9140356e-02
   4.2084168e+04   4.8905737e-02
   4.2284569e+04   4.8673351e-02
   4.2484970e+04   4.8443166e-02
   4.2685371e+04   4.8215150e-02
   4.2885772e+04   4.7989274e-02
   4.3086172e+04   4.7765506e-02
   4.3286573e+04   4.7543818e-02
   4.3486974e+04   4.7324181e-02
   4.3687375e+04   4.7106567e-02
   4.3887776e+04   4.6890947e-02
   4.4088176e+04   4.6677294e-02
   4.4288577e+04   4.6465582e-02
   4.4488978e+04   4.6255784e-02
   4.4689379e+04   4.6047874e-02
   4.4889780e+04   4.5841827e-02
   4.5090180e+04   4.5637617e-02
   4.5290581e+04   4.5435221e-02
   4.5490982e+04   4.5234615e-02
   4.5691383e+04   4.5035773e-02
   4.5891784e+04   4.4838675e-02
   4.6092184e+04   4.4643296e-02
   4.6292585e+04   4.4449614e-02
   4.6492986e+04   4.4257607e-02
   4.6693387e+04   4.4067253e-02
   4.6893788e+04   4.3878532e-02
   4.7094188e+04   4.3691422e-02
   4.7294589e+04   4.3505902e-02
   4.7494990e+04   4.3321953e-02
   4.7695391e+04   4.3139555e-02
   4.7895792e+04   4.2958687e-02
   4.8096192e+04   4.2779332e-02
   4.8296593e+04   4.2601469e-02
   4.8496994e+04   4.2425080e-02
   4.8697395e+04   4.2250148e-02
   4.8897796e+04   4.2076654e-02
   4.9098196e+04   4.1904580e-02
   4.9298597e+04   4.1733909e-02
   4.9498998e+04   4.1564624e-02
   4.9699399e+04   4.1396708e-02
   4.9899800e+04   4.1230144e-02
   5.0100200e+04   4.1064917e-02
   5.0300601e+04   4.0901010e-02
   5.0501002e+04   4.0738408e-02
   5.0701403e+04   4.0577094e-02
   5.0901804e+04   4.0417054e-02
   5.1102204e+04   4.0258272e-02
   5.1302605e+04   4.0100735e-02
   5.1503006e+04   3.9944426e-02
   5.1703407e+04   3.9789333e-02
   5.1903808e+04   3.9635440e-02
   5.2104208e+04   3.9482734e-02
   5.2304609e+04   3.9331201e-02
   5.2505010e+04   3.9180828e-02
   5.2705411e+04   3.9031601e-02
   5.2905812e+04   3.8883508e-02
   5.3106212e+04   3.8736535e-02
   5.3306613e+04   3.8590670e-02
   5.3507014e+04   3.8445900e-02
   5.3707415e+04   3.8302213e-02
   5.3907816e+04   3.8159597e-02
   5.4108216e+04   3.8018040e-02
   5.4308617e+04   3.7877530e-02
   5.4509018e+04   3.7738056e-02
   5.4709419e+04   3.7599606e-02
   5.4909820e+04   3.7462169e-02
   5.5110220e+04   3.7325733e-02
   5.5310621e+04   3.7190289e-02
   5.5511022e+04   3.7055825e-02
   5.5711423e+04   3.6922330e-02
   5.5911824e+04   3.6789795e-02
   5.6112224e+04   3.6658208e-02
   5.6312625e+04   3.6527560e-02
   5.6513026e+04   3.6397840e-02
   5.6713427e+04   3.6269039e-02
   5.6913828e+04   3.6141148e-02
   5.7114228e+04   3.6014155e-02
   5.7314629e+04   3.5888053e-02
   5.7515030e+04   3.5762831e-02
   5.7715431e+04   3.5638481e-02
   5.7915832e+04   3.5514993e-02
   5.8116232e+04   3.5392358e-02
   5.8316633e+04   3.5270568e-02
   5.8517034e+04   3.5149614e-02
   5.8717435e+04   3.5029487e-02
   5.8917836e+04   3.4910179e-02
   5.9118236e+04   3.4791682e-02
   5.9318637e+04   3.4673986e-02
   5.9519038e+04   3.4557085e-02
   5.9719439e+04   3.4440970e-02
   5.9919840e+04   3.4325633e-02
   6.0120240e+04   3.4211067e-02
   6.0320641e+04   3.4097263e-02
   6.0521042e+04   3.3984215e-02
   6.0721443e+04   3.3871914e-02
   6.0921844e+04   3.3760353e-02
   6.1122244e+04   3.3649525e-02
   6.1322645e+04   3.3539423e-02
   6.1523046e+04   3.3430040e-02
   6.1723447e+04   3.3321368e-02
   6.1923848e+04   3.3213400e-02
   6.2124248e+04   3.3106131e-02
   6.2324649e+04   3.2999553e-02
   6.2525050e+04   3.2893659e-02
   6.2725451e+04   3.2788443e-02
   6.2925852e+04   3.2683898e-02
   6.3126253e+04   3.2580018e-02
   6.3326653e+04   3.2476797e-02
   6.3527054e+04   3.2374228e-02
   6.3727455e+04   3.2272305e-02
   6.3927856e+04   3.2171023e-02
   6.4128257e+04   3.2070374e-02
   6.4328657e+04   3.1970354e-02
   6.4529058e+04   3.1870956e-02
   6.4729459e+04   3.1772175e-02
   6.4929860e+04   3.1674004e-02
   6.5130261e+04   3.1576438e-02
   6.5330661e+04   3.1479472e-02
   6.5531062e+04   3.1383100e-02
   6.5731463e+04   3.1287317e-02
   6.5931864e+04   3.1192117e-02
   6.6132265e+04   3.1097494e-02
   6.6332665e+04   3.1003445e-02
   6.6533066e+04   3.0909963e-02
   6.6733467e+04   3.0817043e-02
   6.6933868e+04   3.0724680e-02
   6.7134269e+04   3.0632870e-02
   6.7334669e+04   3.0541607e-02
   6.7535070e+04   3.0450886e-02
   6.7735471e+04   3.0360703e-02
   6.7935872e+04   3.0271053e-02
   6.8136273e+04   3.0181931e-02
   6.8336673e+04   3.0093333e-02
   6.8537074e+04   3.0005253e-02
   6.8737475e+04   2.9917688e-02
   6.8937876e+04   2.9830633e-02
   6.9138277e+04   2.9744083e-02
   6.9338677e+04   2.9658034e-02
   6.9539078e+04   2.9572482e-02
   6.9739479e+04   2.9487422e-02
   6.9939880e+04   2.9402850e-02
   7.0140281e+04   2.9318763e-02
   7.0340681e+04   2.9235155e-02
   7.0541082e+04   2.9152022e-02
   7.0741483e+04   2.9069362e-02
   7.0941884e+04   2.8987169e-02
   7.1142285e+04   2.8905440e-02
   7.1342685e+04   2.8824170e-02
   7.1543086e+04   2.8743357e-02
   7.1743487e+04   2.8662996e-02
   7.1943888e+04   2.8583082e-02
   7.2144289e+04   2.8503614e-02
   7.2344689e+04   2.8424586e-02
   7.2545090e+04   2.8345996e-02
   7.2745491e+04   2.8267839e-02
   7.2945892e+04   2.8190112e-02
   7.3146293e+04   2.8112811e-02
   7.3346693e+04   2.8035934e-02
   7.3547094e+04   2.7959476e-02
   7.3747495e+04   2.7883434e-02
   7.3947896e+04   2.7807805e-02
   7.4148297e+04   2.7732585e-02
   7.4348697e+04   2.7657771e-02
   7.4549098e+04   2.7583360e-02
   7.4749499e+04   2.7509348e-02
   7.4949900e+04   2.7435732e-02
   7.5150301e+04   2.7362510e-02
   7.5350701e+04   2.7289678e-02
   7.5551102e+04   2.7217232e-02
   7.5751503e+04   2.7145171e-02
   7.5951904e+04   2.7073490e-02
   7.6152305e+04   2.7002186e-02
   7.6352705e+04   2.6931258e-02
   7.6553106e+04   2.6860701e-02
   7.6753507e+04   2.6790513e-02
   7.6953908e+04   2.6720691e-02
   7.7154309e+04   2.6651233e-02
   7.7354709e+04   2.6582134e-02
   7.7555110e+04   2.6513393e-02
   7.7755511e+04   2.6445007e-02
   7.7955912e+04   2.6376973e-02
   7.8156313e+04   2.6309288e-02
   7.8356713e+04   2.6241950e-02
   7.8557114e+04   2.6174956e-02
   7.8757515e+04   2.6108303e-02
   7.8957916e+04   2.6041988e-02
   7.9158317e+04   2.5976010e-02
   7.9358717e+04   2.5910366e-02
   7.9559118e+04   2.5845052e-02
   7.9759519e+04   2.5780067e-02
   7.9959920e+04   2.5715409e-02
   8.0160321e+04   2.5651073e-02
   8.0360721e+04   2.5587059e-02
   8.0561122e+04   2.5523364e-02
   8.0761523e+04   2.5459986e-02
   8.0961924e+04   2.5396921e-02
   8.1162325e+04   2.5334168e-02
   8.1362725e+04   2.5271725e-02
   8.1563126e+04   2.5209589e-02
   8.1763527e+04   2.5147758e-02
   8.1963928e+04   2.5086229e-02
   8.2164329e+04   2.5025001e-02
   8.2364729e+04   2.4964071e-02
   8.2565130e+04   2.4903437e-02
   8.2765531e+04   2.4843097e-02
   8.2965932e+04   2.4783049e-02
   8.3166333e+04   2.4723291e-02
   8.3366733e+04   2.4663820e-02
   8.3567134e+04   2.4604635e-02
   8.3767535e+04   2.4545733e-02
   8.3967936e+04   2.4487112e-02
   8.4168337e+04   2.4428771e-02
   8.4368737e+04   2.4370708e-02
   8.4569138e+04   2.4312920e-02
   8.4769539e+04   2.4255405e-02
   8.4969940e+04   2.4198162e-02
   8.5170341e+04   2.4141189e-02
   8.5370741e+04   2.4084483e-02
   8.5571142e+04   2.4028043e-02
   8.5771543e+04   2.3971867e-02
   8.5971944e+04   2.3915953e-02
   8.6172345e+04   2.3860300e-02
   8.6372745e+04   2.3804905e-02
   8.6573146e+04   2.3749767e-02
   8.6773547e+04   2.3694884e-02
   8.6973948e+04   2.3640254e-02
   8.7174349e+04   2.3585875e-02
   8.7374749e+04   2.3531746e-02
   8.7575150e+04   2.3477865e-02
   8.7775551e+04   2.3424230e-02
   8.7975952e+04   2.3370840e-02
   8.8176353e+04   2.3317692e-02
   8.8376754e+04   2.3264786e-02
   8.8577154e+04   2.3212120e-02
   8.8777555e+04   2.3159691e-02
   8.8977956e+04   2.3107499e-02
   8.9178357e+04   2.3055541e-02
   8.9378758e+04   2.3003817e-02
   8.9579158e+04   2.2952325e-02
   8.9779559e+04   2.2901062e-02
   8.9979960e+04   2.2850028e-02
   9.0180361e+04   2.2799221e-02
   9.0380762e+04   2.2748640e-02
   9.0581162e+04   2.2698283e-02
   9.0781563e+04   2.2648148e-02
   9.0981964e+04   2.2598234e-02
   9.1182365e+04   2.2548540e-02
   9.1382766e+04   2.2499063e-02
   9.1583166e+04   2.2449804e-02
   9.1783567e+04   2.2400760e-02
   9.1983968e+04   2.2351930e-02
   9.2184369e+04   2.2303312e-02
   9.2384770e+04   2.2254905e-02
   9.2585170e+04   2.2206708e-02
   9.2785571e+04   2.2158719e-02
   9.2985972e+04   2.2110938e-02
   9.3186373e+04   2.2063362e-02
   9.3386774e+04   2.2015990e-02
   9.3587174e+04   2.1968822e-02
   9.3787575e+04   2.1921855e-02
   9.3987976e+04   2.1875089e-02
   9.4188377e+04   2.1828522e-02
   9.4388778e+04   2.1782152e-02
   9.4589178e+04   2.1735980e-02
   9.4789579e+04   2.1690002e-02
   9.4989980e+04   2.1644219e-02
   9.5190381e+04   2.1598629e-02
   9.5390782e+04   2.1553231e-02
   9.5591182e+04   2.1508023e-02
   9.5791583e+04   2.1463004e-02
   9.5991984e+04   2.1418173e-02
   9.6192385e+04   2.1373530e-02
   9.6392786e+04   2.1329072e-02
   9.6593186e+04   2.1284798e-02
   9.6793587e+04   2.1240709e-02
   9.6993988e+04   2.1196801e-02
   9.7194389e+04   2.1153075e-02
   9.7394790e+04   2.1109529e-02
   9.7595190e+04   2.1066161e-02
   9.7795591e+04   2.1022972e-02
   9.7995992e+04   2.0979959e-02
   9.8196393e+04   2.0937122e-02
   9.8396794e+04   2.0894460e-02
   9.8597194e+04   2.0851971e-02
   9.8797595e+04   2.0809655e-02
   9.8997996e+04   2.0767510e-02
   9.9198397e+04   2.0725536e-02
   9.9398798e+04   2.0683731e-02
   9.9599198e+04   2.0642094e-02
   9.9799599e+04   2.0600625e-02
   1.0000000e+05   2.0559322e-02
