   0.0000000e+00   0.0000000e+00
   2.0000000e-05   2.5491850e-01
   4.0000000e-05   4.9430785e-01
   6.0000000e-05   7.0328199e-01
   8.0000000e-05   8.6864391e-01
   1.0000000e-04   9.8376019e-01
   1.2000000e-04   1.0512959e+00
   1.4000000e-04   1.0824326e+00
   1.6000000e-04   1.0927877e+00
   1.8000000e-04   1.0967397e+00
   2.0000000e-04   1.1025709e+00
   2.2000000e-04   1.1104684e+00
   2.4000000e-04   1.1141430e+00
   2.6000000e-04   1.1052254e+00
   2.8000000e-04   1.0783885e+00
   3.0000000e-04   1.0348667e+00
   3.2000000e-04   9.8280552e-01
   3.4000000e-04   9.3432049e-01
   3.6000000e-04   9.0062784e-01
   3.8000000e-04   8.8745974e-01
   4.0000000e-04   8.9282746e-01
   4.2000000e-04   9.0812463e-01
   4.4000000e-04   9.2206047e-01
   4.6000000e-04   9.2565570e-01
   4.8000000e-04   9.1608076e-01
   5.0000000e-04   8.9765850e-01
   5.2000000e-04   8.7963823e-01
   5.4000000e-04   8.7179103e-01
   5.6000000e-04   8.7983268e-01
   5.8000000e-04   9.0272899e-01
   6.0000000e-04   9.3306912e-01
   6.2000000e-04   9.6030532e-01
   6.4000000e-04   9.7537840e-01
   6.6000000e-04   9.7464673e-01
   6.8000000e-04   9.6137226e-01
   7.0000000e-04   9.4412933e-01
   7.2000000e-04   9.3288252e-01
   7.4000000e-04   9.3451118e-01
   7.6000000e-04   9.4978192e-01
   7.8000000e-04   9.7309933e-01
   8.0000000e-04   9.9510753e-01
   8.2000000e-04   1.0069425e+00
   8.4000000e-04   1.0042133e+00
   8.6000000e-04   9.8893667e-01
   8.8000000e-04   9.6858526e-01
   9.0000000e-04   9.5271039e-01
   9.2000000e-04   9.4867656e-01
   9.4000000e-04   9.5842295e-01
   9.6000000e-04   9.7768426e-01
   9.8000000e-04   9.9798758e-01
   1.0000000e-03   1.0104988e+00
   1.0200000e-03   1.0099785e+00
   1.0400000e-03   9.9707952e-01
   1.0600000e-03   9.7798357e-01
   1.0800000e-03   9.6157154e-01
   1.1000000e-03   9.5542370e-01
   1.1200000e-03   9.6245025e-01
   1.1400000e-03   9.7964867e-01
   1.1600000e-03   9.9951613e-01
   1.1800000e-03   1.0134529e+00
   1.2000000e-03   1.0156123e+00
   1.2200000e-03   1.0054732e+00
   1.2400000e-03   9.8800263e-01
   1.2600000e-03   9.7136695e-01
   1.2800000e-03   9.6324400e-01
   1.3000000e-03   9.6740082e-01
   1.3200000e-03   9.8206099e-01
   1.3400000e-03   1.0007677e+00
   1.3600000e-03   1.0153259e+00
   1.3800000e-03   1.0194828e+00
   1.4000000e-03   1.0116956e+00
   1.4200000e-03   9.9576084e-01
   1.4400000e-03   9.7905281e-01
   1.4600000e-03   9.6918696e-01
   1.4800000e-03   9.7061806e-01
   1.5000000e-03   9.8269245e-01
   1.5200000e-03   1.0000056e+00
   1.5400000e-03   1.0148757e+00
   1.5600000e-03   1.0208027e+00
   1.5800000e-03   1.0153558e+00
   1.6000000e-03   1.0012072e+00
   1.6200000e-03   9.8487520e-01
   1.6400000e-03   9.7376566e-01
   1.6600000e-03   9.7285514e-01
   1.6800000e-03   9.8250021e-01
   1.7000000e-03   9.9833720e-01
   1.7200000e-03   1.0132903e+00
   1.7400000e-03   1.0207648e+00
   1.7600000e-03   1.0175853e+00
   1.7800000e-03   1.0053700e+00
   1.8000000e-03   9.8974716e-01
   1.8200000e-03   9.7779236e-01
   1.8400000e-03   9.7485106e-01
   1.8600000e-03   9.8217451e-01
   1.8800000e-03   9.9641318e-01
   1.9000000e-03   1.0111705e+00
   1.9200000e-03   1.0198972e+00
   1.9400000e-03   1.0188170e+00
   1.9600000e-03   1.0085775e+00
   1.9800000e-03   9.9390473e-01
   2.0000000e-03   9.8144197e-01
   2.0200000e-03   9.7675971e-01
   2.0400000e-03   9.8188258e-01
   2.0600000e-03   9.9443062e-01
   2.0800000e-03   1.0087377e+00
   2.1000000e-03   1.0184228e+00
   2.1200000e-03   1.0192478e+00
   2.1400000e-03   1.0109823e+00
   2.1600000e-03   9.9745564e-01
   2.1800000e-03   9.8479622e-01
   2.2000000e-03   9.7866621e-01
   2.2200000e-03   9.8174002e-01
   2.2400000e-03   9.9254835e-01
   2.2600000e-03   1.0061867e+00
   2.2800000e-03   1.0165485e+00
   2.3000000e-03   1.0190666e+00
   2.3200000e-03   1.0127324e+00
   2.3400000e-03   1.0005012e+00
   2.3600000e-03   9.8792278e-01
   2.3800000e-03   9.8063048e-01
   2.4000000e-03   9.8182586e-01
   2.4200000e-03   9.9088005e-01
   2.4400000e-03   1.0036632e+00
   2.4600000e-03   1.0144327e+00
   2.4800000e-03   1.0184171e+00
   2.5000000e-03   1.0139340e+00
   2.5200000e-03   1.0031018e+00
   2.5400000e-03   9.9084614e-01
   2.5600000e-03   9.8266494e-01
   2.5800000e-03   9.8216708e-01
   2.6000000e-03   9.8948525e-01
   2.6200000e-03   1.0012608e+00
   2.6400000e-03   1.0121875e+00
   2.6600000e-03   1.0174049e+00
   2.6800000e-03   1.0146629e+00
   2.7000000e-03   1.0052926e+00
   2.7200000e-03   9.9356711e-01
   2.7400000e-03   9.8475627e-01
   2.7600000e-03   9.8276171e-01
   2.7800000e-03   9.8839236e-01
   2.8000000e-03   9.9904255e-01
   2.8200000e-03   1.0098987e+00
   2.8400000e-03   1.0161160e+00
   2.8600000e-03   1.0149819e+00
   2.8800000e-03   1.0070998e+00
   2.9000000e-03   9.9607786e-01
   2.9200000e-03   9.8687971e-01
   2.9400000e-03   9.8359181e-01
   2.9600000e-03   9.8761010e-01
   2.9800000e-03   9.9705103e-01
   3.0000000e-03   1.0076340e+00
