   0.0000000e+00   0.0000000e+00
   2.0000000e-05   6.3550901e-01
   4.0000000e-05   1.3192372e+00
   6.0000000e-05   1.5916031e+00
   8.0000000e-05   1.3718879e+00
   1.0000000e-04   9.2517331e-01
   1.2000000e-04   6.1328689e-01
   1.4000000e-04   6.3416634e-01
   1.6000000e-04   9.2010443e-01
   1.8000000e-04   1.2303470e+00
   2.0000000e-04   1.3420550e+00
   2.2000000e-04   1.1978704e+00
   2.4000000e-04   9.2117586e-01
   2.6000000e-04   7.1030335e-01
   2.8000000e-04   6.9877444e-01
   3.0000000e-04   8.7653493e-01
   3.2000000e-04   1.1136598e+00
   3.4000000e-04   1.2569342e+00
   3.6000000e-04   1.2283788e+00
   3.8000000e-04   1.0640932e+00
   4.0000000e-04   8.7783651e-01
   4.2000000e-04   7.8230296e-01
   4.4000000e-04   8.2193190e-01
   4.6000000e-04   9.5600666e-01
   4.8000000e-04   1.0946639e+00
   5.0000000e-04   1.1584414e+00
   5.2000000e-04   1.1226515e+00
   5.4000000e-04   1.0230169e+00
   5.6000000e-04   9.2556781e-01
   5.8000000e-04   8.8414250e-01
   6.0000000e-04   9.1205688e-01
   6.2000000e-04   9.8171376e-01
   6.4000000e-04   1.0474063e+00
   6.6000000e-04   1.0741379e+00
   6.8000000e-04   1.0550220e+00
   7.0000000e-04   1.0096171e+00
   7.2000000e-04   9.6785272e-01
   7.4000000e-04   9.5144044e-01
   7.6000000e-04   9.6369484e-01
   7.8000000e-04   9.9169698e-01
   8.0000000e-04   1.0169552e+00
   8.2000000e-04   1.0267603e+00
   8.4000000e-04   1.0197517e+00
   8.6000000e-04   1.0039208e+00
   8.8000000e-04   9.8994169e-01
   9.0000000e-04   9.8467585e-01
   9.2000000e-04   9.8844181e-01
   9.4000000e-04   9.9662806e-01
   9.6000000e-04   1.0036133e+00
   9.8000000e-04   1.0061581e+00
   1.0000000e-03   1.0044766e+00
   1.0200000e-03   1.0010189e+00
   1.0400000e-03   9.9833431e-01
   1.0600000e-03   9.9755081e-01
   1.0800000e-03   9.9821001e-01
   1.1000000e-03   9.9915100e-01
   1.1200000e-03   9.9956060e-01
   1.1400000e-03   9.9944132e-01
   1.1600000e-03   9.9933505e-01
   1.1800000e-03   9.9969330e-01
   1.2000000e-03   1.0004462e+00
   1.2200000e-03   1.0010682e+00
   1.2400000e-03   1.0010239e+00
   1.2600000e-03   1.0002133e+00
   1.2800000e-03   9.9907960e-01
   1.3000000e-03   9.9831902e-01
   1.3200000e-03   9.9841386e-01
   1.3400000e-03   9.9931840e-01
   1.3600000e-03   1.0004973e+00
   1.3800000e-03   1.0012714e+00
   1.4000000e-03   1.0012328e+00
   1.4200000e-03   1.0004667e+00
   1.4400000e-03   9.9946311e-01
   1.4600000e-03   9.9879922e-01
   1.4800000e-03   9.9880377e-01
   1.5000000e-03   9.9939987e-01
   1.5200000e-03   1.0001962e+00
   1.5400000e-03   1.0007429e+00
   1.5600000e-03   1.0007868e+00
   1.5800000e-03   1.0003809e+00
   1.6000000e-03   9.9981038e-01
   1.6200000e-03   9.9940305e-01
   1.6400000e-03   9.9934644e-01
   1.6600000e-03   9.9961145e-01
   1.6800000e-03   1.0000054e+00
   1.7000000e-03   1.0003032e+00
   1.7200000e-03   1.0003717e+00
   1.7400000e-03   1.0002222e+00
   1.7600000e-03   9.9997534e-01
   1.7800000e-03   9.9977708e-01
   1.8000000e-03   9.9971759e-01
   1.8200000e-03   9.9979719e-01
   1.8400000e-03   9.9994610e-01
   1.8600000e-03   1.0000759e+00
   1.8800000e-03   1.0001287e+00
   1.9000000e-03   1.0000984e+00
   1.9200000e-03   1.0000210e+00
   1.9400000e-03   9.9994585e-01
   1.9600000e-03   9.9990786e-01
   1.9800000e-03   9.9991473e-01
   2.0000000e-03   9.9995120e-01
   2.0200000e-03   9.9999313e-01
   2.0400000e-03   1.0000214e+00
   2.0600000e-03   1.0000288e+00
   2.0800000e-03   1.0000191e+00
   2.1000000e-03   1.0000013e+00
   2.1200000e-03   9.9998433e-01
   2.1400000e-03   9.9997384e-01
   2.1600000e-03   9.9997182e-01
   2.1800000e-03   9.9997743e-01
   2.2000000e-03   9.9998795e-01
   2.2200000e-03   9.9999953e-01
   2.2400000e-03   1.0000080e+00
   2.2600000e-03   1.0000105e+00
   2.2800000e-03   1.0000061e+00
   2.3000000e-03   9.9999717e-01
   2.3200000e-03   9.9998808e-01
   2.3400000e-03   9.9998320e-01
   2.3600000e-03   9.9998477e-01
   2.3800000e-03   9.9999179e-01
   2.4000000e-03   1.0000005e+00
   2.4200000e-03   1.0000067e+00
   2.4400000e-03   1.0000076e+00
   2.4600000e-03   1.0000033e+00
   2.4800000e-03   9.9999666e-01
   2.5000000e-03   9.9999132e-01
   2.5200000e-03   9.9998988e-01
   2.5400000e-03   9.9999264e-01
   2.5600000e-03   9.9999773e-01
   2.5800000e-03   1.0000024e+00
   2.6000000e-03   1.0000044e+00
   2.6200000e-03   1.0000031e+00
   2.6400000e-03   9.9999990e-01
   2.6600000e-03   9.9999658e-01
   2.6800000e-03   9.9999490e-01
   2.7000000e-03   9.9999544e-01
   2.7200000e-03   9.9999760e-01
   2.7400000e-03   1.0000001e+00
   2.7600000e-03   1.0000016e+00
   2.7800000e-03   1.0000017e+00
   2.8000000e-03   1.0000006e+00
   2.8200000e-03   9.9999905e-01
   2.8400000e-03   9.9999796e-01
   2.8600000e-03   9.9999775e-01
   2.8800000e-03   9.9999836e-01
   2.9000000e-03   9.9999935e-01
   2.9200000e-03   1.0000002e+00
   2.9400000e-03   1.0000006e+00
   2.9600000e-03   1.0000004e+00
   2.9800000e-03   9.9999990e-01
   3.0000000e-03   9.9999938e-01
