   0.0000000e+00   0.0000000e+00
   2.0000000e-05   9.2249191e-01
   4.0000000e-05   1.2031752e+00
   6.0000000e-05   1.1781170e+00
   8.0000000e-05   1.0703720e+00
   1.0000000e-04   9.8734176e-01
   1.2000000e-04   9.5867001e-01
   1.4000000e-04   9.7311891e-01
   1.6000000e-04   1.0046763e+00
   1.8000000e-04   1.0290288e+00
   2.0000000e-04   1.0325996e+00
   2.2000000e-04   1.0152052e+00
   2.4000000e-04   9.8721414e-01
   2.6000000e-04   9.6307202e-01
   2.8000000e-04   9.5410402e-01
   3.0000000e-04   9.6359934e-01
   3.2000000e-04   9.8603148e-01
   3.4000000e-04   1.0103501e+00
   3.6000000e-04   1.0254974e+00
   3.8000000e-04   1.0254646e+00
   4.0000000e-04   1.0116310e+00
   4.2000000e-04   9.9154636e-01
   4.4000000e-04   9.7499868e-01
   4.6000000e-04   9.6937590e-01
   4.8000000e-04   9.7649171e-01
   5.0000000e-04   9.9220395e-01
   5.2000000e-04   1.0087767e+00
   5.4000000e-04   1.0186911e+00
   5.6000000e-04   1.0180538e+00
   5.8000000e-04   1.0080819e+00
   6.0000000e-04   9.9414157e-01
   6.2000000e-04   9.8297370e-01
   6.4000000e-04   9.7951382e-01
   6.6000000e-04   9.8478820e-01
   6.8000000e-04   9.9575823e-01
   7.0000000e-04   1.0070288e+00
   7.2000000e-04   1.0134942e+00
   7.4000000e-04   1.0126406e+00
   7.6000000e-04   1.0054855e+00
   7.8000000e-04   9.9583238e-01
   8.0000000e-04   9.8831678e-01
   8.2000000e-04   9.8622833e-01
   8.4000000e-04   9.9011981e-01
   8.6000000e-04   9.9777361e-01
   8.8000000e-04   1.0054329e+00
   9.0000000e-04   1.0096356e+00
   9.2000000e-04   1.0087684e+00
   9.4000000e-04   1.0036542e+00
   9.6000000e-04   9.9698319e-01
   9.8000000e-04   9.9193890e-01
   1.0000000e-03   9.9070867e-01
   1.0200000e-03   9.9356681e-01
   1.0400000e-03   9.9890220e-01
   1.0600000e-03   1.0041025e+00
   1.0800000e-03   1.0068241e+00
   1.1000000e-03   1.0060383e+00
   1.1200000e-03   1.0023950e+00
   1.1400000e-03   9.9779323e-01
   1.1600000e-03   9.9441651e-01
   1.1800000e-03   9.9371544e-01
   1.2000000e-03   9.9580555e-01
   1.2200000e-03   9.9952107e-01
   1.2400000e-03   1.0030481e+00
   1.2600000e-03   1.0048027e+00
   1.2800000e-03   1.0041338e+00
   1.3000000e-03   1.0015460e+00
   1.3200000e-03   9.9837710e-01
   1.3400000e-03   9.9612263e-01
   1.3600000e-03   9.9574201e-01
   1.3800000e-03   9.9726423e-01
   1.4000000e-03   9.9984886e-01
   1.4200000e-03   1.0022382e+00
   1.4400000e-03   1.0033633e+00
   1.4600000e-03   1.0028163e+00
   1.4800000e-03   1.0009830e+00
   1.5000000e-03   9.9880429e-01
   1.5200000e-03   9.9730315e-01
   1.5400000e-03   9.9711219e-01
   1.5600000e-03   9.9821658e-01
   1.5800000e-03   1.0000124e+00
   1.6000000e-03   1.0016289e+00
   1.6200000e-03   1.0023460e+00
   1.6400000e-03   1.0019107e+00
   1.6600000e-03   1.0006150e+00
   1.6800000e-03   9.9911942e-01
   1.7000000e-03   9.9812268e-01
   1.7200000e-03   9.9804057e-01
   1.7400000e-03   9.9883897e-01
   1.7600000e-03   1.0000853e+00
   1.7800000e-03   1.0011773e+00
   1.8000000e-03   1.0016310e+00
   1.8200000e-03   1.0012916e+00
   1.8400000e-03   1.0003778e+00
   1.8600000e-03   9.9935270e-01
   1.8800000e-03   9.9869283e-01
   1.9000000e-03   9.9867047e-01
   1.9200000e-03   9.9924574e-01
   1.9400000e-03   1.0001096e+00
   1.9600000e-03   1.0008462e+00
   1.9800000e-03   1.0011307e+00
   2.0000000e-03   1.0008701e+00
   2.0200000e-03   1.0002271e+00
   2.0400000e-03   9.9952545e-01
   2.0600000e-03   9.9908996e-01
   2.0800000e-03   9.9909818e-01
   2.1000000e-03   9.9951139e-01
   2.1200000e-03   1.0001094e+00
   2.1400000e-03   1.0006055e+00
   2.1600000e-03   1.0007820e+00
   2.1800000e-03   1.0005844e+00
   2.2000000e-03   1.0001327e+00
   2.2200000e-03   9.9965318e-01
   2.2400000e-03   9.9936673e-01
   2.2600000e-03   9.9938867e-01
   2.2800000e-03   9.9968462e-01
   2.3000000e-03   1.0000981e+00
   2.3200000e-03   1.0004316e+00
   2.3400000e-03   1.0005397e+00
   2.3600000e-03   1.0003913e+00
   2.3800000e-03   1.0000746e+00
   2.4000000e-03   9.9974736e-01
   2.4200000e-03   9.9955964e-01
   2.4400000e-03   9.9958594e-01
   2.4600000e-03   9.9979732e-01
   2.4800000e-03   1.0000829e+00
   2.5000000e-03   1.0003067e+00
   2.5200000e-03   1.0003718e+00
   2.5400000e-03   1.0002613e+00
   2.5600000e-03   1.0000396e+00
   2.5800000e-03   9.9981657e-01
   2.6000000e-03   9.9969404e-01
   2.6200000e-03   9.9971984e-01
   2.6400000e-03   9.9987044e-01
   2.6600000e-03   1.0000674e+00
   2.6800000e-03   1.0002173e+00
   2.7000000e-03   1.0002556e+00
   2.7200000e-03   1.0001739e+00
   2.7400000e-03   1.0000190e+00
   2.7600000e-03   9.9986726e-01
   2.7800000e-03   9.9978763e-01
   2.8000000e-03   9.9981066e-01
   2.8200000e-03   9.9991771e-01
   2.8400000e-03   1.0000533e+00
   2.8600000e-03   1.0001535e+00
   2.8800000e-03   1.0001755e+00
   2.9000000e-03   1.0001154e+00
   2.9200000e-03   1.0000073e+00
   2.9400000e-03   9.9990424e-01
   2.9600000e-03   9.9985275e-01
   2.9800000e-03   9.9987221e-01
   3.0000000e-03   9.9994813e-01
