   0.0000000e+00   1.0000000e+00
   2.0040080e+02   9.9896318e-01
   4.0080160e+02   9.9765442e-01
   6.0120240e+02   9.9833005e-01
   8.0160321e+02   1.0015656e+00
   1.0020040e+03   1.0071991e+00
   1.2024048e+03   1.0150129e+00
   1.4028056e+03   1.0248761e+00
   1.6032064e+03   1.0367360e+00
   1.8036072e+03   1.0505918e+00
   2.0040080e+03   1.0664746e+00
   2.2044088e+03   1.0844330e+00
   2.4048096e+03   1.1045210e+00
   2.6052104e+03   1.1267846e+00
   2.8056112e+03   1.1512442e+00
   3.0060120e+03   1.1778677e+00
   3.2064128e+03   1.2065287e+00
   3.4068136e+03   1.2369389e+00
   3.6072144e+03   1.2685377e+00
   3.8076152e+03   1.3003114e+00
   4.0080160e+03   1.3304940e+00
   4.2084168e+03   1.3560804e+00
   4.4088176e+03   1.3720678e+00
   4.6092184e+03   1.3704435e+00
   4.8096192e+03   1.3396289e+00
   5.0100200e+03   1.2684462e+00
   5.2104208e+03   1.1721875e+00
   5.4108216e+03   1.1812869e+00
   5.6112224e+03   1.5553076e+00
   5.8116232e+03   2.2965445e+00
   6.0120240e+03   3.1515541e+00
   6.2124248e+03   3.9238896e+00
   6.4128257e+03   4.5011566e+00
   6.6132265e+03   4.7935299e+00
   6.8136273e+03   4.7589727e+00
   7.0140281e+03   4.4594970e+00
   7.2144289e+03   4.0245616e+00
   7.4148297e+03   3.5657147e+00
   7.6152305e+03   3.1425151e+00
   7.8156313e+03   2.7751022e+00
   8.0160321e+03   2.4640420e+00
   8.2164329e+03   2.2026988e+00
   8.4168337e+03   1.9829129e+00
   8.6172345e+03   1.7971316e+00
   8.8176353e+03   1.6390038e+00
   9.0180361e+03   1.5033932e+00
   9.2184369e+03   1.3862090e+00
   9.4188377e+03   1.2842054e+00
   9.6192385e+03   1.1948018e+00
   9.8196393e+03   1.1159367e+00
   1.0020040e+04   1.0459518e+00
   1.0220441e+04   9.8350415e-01
   1.0420842e+04   9.2749775e-01
   1.0621242e+04   8.7703158e-01
   1.0821643e+04   8.3135959e-01
   1.1022044e+04   7.8985978e-01
   1.1222445e+04   7.5201013e-01
   1.1422846e+04   7.1736978e-01
   1.1623246e+04   6.8556425e-01
   1.1823647e+04   6.5627363e-01
   1.2024048e+04   6.2922318e-01
   1.2224449e+04   6.0417583e-01
   1.2424850e+04   5.8092598e-01
   1.2625251e+04   5.5929460e-01
   1.2825651e+04   5.3912512e-01
   1.3026052e+04   5.2028004e-01
   1.3226453e+04   5.0263821e-01
   1.3426854e+04   4.8609248e-01
   1.3627255e+04   4.7054776e-01
   1.3827655e+04   4.5591939e-01
   1.4028056e+04   4.4213180e-01
   1.4228457e+04   4.2911730e-01
   1.4428858e+04   4.1681512e-01
   1.4629259e+04   4.0517054e-01
   1.4829659e+04   3.9413420e-01
   1.5030060e+04   3.8366142e-01
   1.5230461e+04   3.7371172e-01
   1.5430862e+04   3.6424827e-01
   1.5631263e+04   3.5523760e-01
   1.5831663e+04   3.4664911e-01
   1.6032064e+04   3.3845488e-01
   1.6232465e+04   3.3062932e-01
   1.6432866e+04   3.2314895e-01
   1.6633267e+04   3.1599222e-01
   1.6833667e+04   3.0913927e-01
   1.7034068e+04   3.0257180e-01
   1.7234469e+04   2.9627293e-01
   1.7434870e+04   2.9022703e-01
   1.7635271e+04   2.8441966e-01
   1.7835671e+04   2.7883742e-01
   1.8036072e+04   2.7346785e-01
   1.8236473e+04   2.6829941e-01
   1.8436874e+04   2.6332133e-01
   1.8637275e+04   2.5852360e-01
   1.8837675e+04   2.5389686e-01
   1.9038076e+04   2.4943239e-01
   1.9238477e+04   2.4512203e-01
   1.9438878e+04   2.4095815e-01
   1.9639279e+04   2.3693361e-01
   1.9839679e+04   2.3304169e-01
   2.0040080e+04   2.2927612e-01
   2.0240481e+04   2.2563099e-01
   2.0440882e+04   2.2210075e-01
   2.0641283e+04   2.1868017e-01
   2.0841683e+04   2.1536434e-01
   2.1042084e+04   2.1214862e-01
   2.1242485e+04   2.0902864e-01
   2.1442886e+04   2.0600028e-01
   2.1643287e+04   2.0305963e-01
   2.1843687e+04   2.0020302e-01
   2.2044088e+04   1.9742696e-01
   2.2244489e+04   1.9472814e-01
   2.2444890e+04   1.9210346e-01
   2.2645291e+04   1.8954993e-01
   2.2845691e+04   1.8706476e-01
   2.3046092e+04   1.8464527e-01
   2.3246493e+04   1.8228894e-01
   2.3446894e+04   1.7999336e-01
   2.3647295e+04   1.7775623e-01
   2.3847695e+04   1.7557540e-01
   2.4048096e+04   1.7344877e-01
   2.4248497e+04   1.7137438e-01
   2.4448898e+04   1.6935035e-01
   2.4649299e+04   1.6737488e-01
   2.4849699e+04   1.6544627e-01
   2.5050100e+04   1.6356289e-01
   2.5250501e+04   1.6172316e-01
   2.5450902e+04   1.5992561e-01
   2.5651303e+04   1.5816882e-01
   2.5851703e+04   1.5645141e-01
   2.6052104e+04   1.5477209e-01
   2.6252505e+04   1.5312961e-01
   2.6452906e+04   1.5152279e-01
   2.6653307e+04   1.4995047e-01
   2.6853707e+04   1.4841156e-01
   2.7054108e+04   1.4690502e-01
   2.7254509e+04   1.4542982e-01
   2.7454910e+04   1.4398502e-01
   2.7655311e+04   1.4256967e-01
   2.7855711e+04   1.4118290e-01
   2.8056112e+04   1.3982384e-01
   2.8256513e+04   1.3849167e-01
   2.8456914e+04   1.3718560e-01
   2.8657315e+04   1.3590487e-01
   2.8857715e+04   1.3464875e-01
   2.9058116e+04   1.3341654e-01
   2.9258517e+04   1.3220755e-01
   2.9458918e+04   1.3102114e-01
   2.9659319e+04   1.2985668e-01
   2.9859719e+04   1.2871356e-01
   3.0060120e+04   1.2759120e-01
   3.0260521e+04   1.2648904e-01
   3.0460922e+04   1.2540653e-01
   3.0661323e+04   1.2434315e-01
   3.0861723e+04   1.2329839e-01
   3.1062124e+04   1.2227177e-01
   3.1262525e+04   1.2126281e-01
   3.1462926e+04   1.2027106e-01
   3.1663327e+04   1.1929608e-01
   3.1863727e+04   1.1833745e-01
   3.2064128e+04   1.1739475e-01
   3.2264529e+04   1.1646759e-01
   3.2464930e+04   1.1555559e-01
   3.2665331e+04   1.1465836e-01
   3.2865731e+04   1.1377555e-01
   3.3066132e+04   1.1290682e-01
   3.3266533e+04   1.1205182e-01
   3.3466934e+04   1.1121023e-01
   3.3667335e+04   1.1038174e-01
   3.3867735e+04   1.0956603e-01
   3.4068136e+04   1.0876281e-01
   3.4268537e+04   1.0797179e-01
   3.4468938e+04   1.0719270e-01
   3.4669339e+04   1.0642525e-01
   3.4869739e+04   1.0566920e-01
   3.5070140e+04   1.0492428e-01
   3.5270541e+04   1.0419024e-01
   3.5470942e+04   1.0346685e-01
   3.5671343e+04   1.0275388e-01
   3.5871743e+04   1.0205109e-01
   3.6072144e+04   1.0135827e-01
   3.6272545e+04   1.0067520e-01
   3.6472946e+04   1.0000168e-01
   3.6673347e+04   9.9337510e-02
   3.6873747e+04   9.8682483e-02
   3.7074148e+04   9.8036415e-02
   3.7274549e+04   9.7399120e-02
   3.7474950e+04   9.6770417e-02
   3.7675351e+04   9.6150131e-02
   3.7875752e+04   9.5538092e-02
   3.8076152e+04   9.4934133e-02
   3.8276553e+04   9.4338094e-02
   3.8476954e+04   9.3749816e-02
   3.8677355e+04   9.3169146e-02
   3.8877756e+04   9.2595937e-02
   3.9078156e+04   9.2030041e-02
   3.9278557e+04   9.1471318e-02
   3.9478958e+04   9.0919629e-02
   3.9679359e+04   9.0374841e-02
   3.9879760e+04   8.9836823e-02
   4.0080160e+04   8.9305446e-02
   4.0280561e+04   8.8780587e-02
   4.0480962e+04   8.8262124e-02
   4.0681363e+04   8.7749939e-02
   4.0881764e+04   8.7243916e-02
   4.1082164e+04   8.6743942e-02
   4.1282565e+04   8.6249909e-02
   4.1482966e+04   8.5761708e-02
   4.1683367e+04   8.5279235e-02
   4.1883768e+04   8.4802388e-02
   4.2084168e+04   8.4331067e-02
   4.2284569e+04   8.3865174e-02
   4.2484970e+04   8.3404616e-02
   4.2685371e+04   8.2949298e-02
   4.2885772e+04   8.2499131e-02
   4.3086172e+04   8.2054025e-02
   4.3286573e+04   8.1613894e-02
   4.3486974e+04   8.1178654e-02
   4.3687375e+04   8.0748221e-02
   4.3887776e+04   8.0322515e-02
   4.4088176e+04   7.9901457e-02
   4.4288577e+04   7.9484970e-02
   4.4488978e+04   7.9072978e-02
   4.4689379e+04   7.8665407e-02
   4.4889780e+04   7.8262185e-02
   4.5090180e+04   7.7863241e-02
   4.5290581e+04   7.7468507e-02
   4.5490982e+04   7.7077915e-02
   4.5691383e+04   7.6691398e-02
   4.5891784e+04   7.6308891e-02
   4.6092184e+04   7.5930332e-02
   4.6292585e+04   7.5555658e-02
   4.6492986e+04   7.5184808e-02
   4.6693387e+04   7.4817724e-02
   4.6893788e+04   7.4454346e-02
   4.7094188e+04   7.4094618e-02
   4.7294589e+04   7.3738483e-02
   4.7494990e+04   7.3385888e-02
   4.7695391e+04   7.3036778e-02
   4.7895792e+04   7.2691102e-02
   4.8096192e+04   7.2348806e-02
   4.8296593e+04   7.2009842e-02
   4.8496994e+04   7.1674160e-02
   4.8697395e+04   7.1341710e-02
   4.8897796e+04   7.1012447e-02
   4.9098196e+04   7.0686323e-02
   4.9298597e+04   7.0363292e-02
   4.9498998e+04   7.0043310e-02
   4.9699399e+04   6.9726333e-02
   4.9899800e+04   6.9412318e-02
   5.0100200e+04   6.9101222e-02
   5.0300601e+04   6.8793005e-02
   5.0501002e+04   6.8487626e-02
   5.0701403e+04   6.8185044e-02
   5.0901804e+04   6.7885221e-02
   5.1102204e+04   6.7588118e-02
   5.1302605e+04   6.7293699e-02
   5.1503006e+04   6.7001924e-02
   5.1703407e+04   6.6712760e-02
   5.1903808e+04   6.6426169e-02
   5.2104208e+04   6.6142117e-02
   5.2304609e+04   6.5860570e-02
   5.2505010e+04   6.5581494e-02
   5.2705411e+04   6.5304855e-02
   5.2905812e+04   6.5030622e-02
   5.3106212e+04   6.4758763e-02
   5.3306613e+04   6.4489245e-02
   5.3507014e+04   6.4222039e-02
   5.3707415e+04   6.3957114e-02
   5.3907816e+04   6.3694440e-02
   5.4108216e+04   6.3433988e-02
   5.4308617e+04   6.3175730e-02
   5.4509018e+04   6.2919638e-02
   5.4709419e+04   6.2665683e-02
   5.4909820e+04   6.2413838e-02
   5.5110220e+04   6.2164077e-02
   5.5310621e+04   6.1916373e-02
   5.5511022e+04   6.1670701e-02
   5.5711423e+04   6.1427034e-02
   5.5911824e+04   6.1185349e-02
   5.6112224e+04   6.0945621e-02
   5.6312625e+04   6.0707824e-02
   5.6513026e+04   6.0471936e-02
   5.6713427e+04   6.0237934e-02
   5.6913828e+04   6.0005793e-02
   5.7114228e+04   5.9775493e-02
   5.7314629e+04   5.9547009e-02
   5.7515030e+04   5.9320321e-02
   5.7715431e+04   5.9095407e-02
   5.7915832e+04   5.8872246e-02
   5.8116232e+04   5.8650817e-02
   5.8316633e+04   5.8431099e-02
   5.8517034e+04   5.8213072e-02
   5.8717435e+04   5.7996717e-02
   5.8917836e+04   5.7782013e-02
   5.9118236e+04   5.7568942e-02
   5.9318637e+04   5.7357485e-02
   5.9519038e+04   5.7147623e-02
   5.9719439e+04   5.6939338e-02
   5.9919840e+04   5.6732611e-02
   6.0120240e+04   5.6527425e-02
   6.0320641e+04   5.6323762e-02
   6.0521042e+04   5.6121605e-02
   6.0721443e+04   5.5920937e-02
   6.0921844e+04   5.5721742e-02
   6.1122244e+04   5.5524003e-02
   6.1322645e+04   5.5327703e-02
   6.1523046e+04   5.5132826e-02
   6.1723447e+04   5.4939358e-02
   6.1923848e+04   5.4747282e-02
   6.2124248e+04   5.4556583e-02
   6.2324649e+04   5.4367247e-02
   6.2525050e+04   5.4179257e-02
   6.2725451e+04   5.3992600e-02
   6.2925852e+04   5.3807261e-02
   6.3126253e+04   5.3623226e-02
   6.3326653e+04   5.3440481e-02
   6.3527054e+04   5.3259013e-02
   6.3727455e+04   5.3078807e-02
   6.3927856e+04   5.2899850e-02
   6.4128257e+04   5.2722129e-02
   6.4328657e+04   5.2545632e-02
   6.4529058e+04   5.2370344e-02
   6.4729459e+04   5.2196254e-02
   6.4929860e+04   5.2023349e-02
   6.5130261e+04   5.1851617e-02
   6.5330661e+04   5.1681046e-02
   6.5531062e+04   5.1511623e-02
   6.5731463e+04   5.1343337e-02
   6.5931864e+04   5.1176176e-02
   6.6132265e+04   5.1010130e-02
   6.6332665e+04   5.0845185e-02
   6.6533066e+04   5.0681332e-02
   6.6733467e+04   5.0518560e-02
   6.6933868e+04   5.0356856e-02
   6.7134269e+04   5.0196212e-02
   6.7334669e+04   5.0036616e-02
   6.7535070e+04   4.9878057e-02
   6.7735471e+04   4.9720526e-02
   6.7935872e+04   4.9564013e-02
   6.8136273e+04   4.9408506e-02
   6.8336673e+04   4.9253998e-02
   6.8537074e+04   4.9100477e-02
   6.8737475e+04   4.8947934e-02
   6.8937876e+04   4.8796359e-02
   6.9138277e+04   4.8645744e-02
   6.9338677e+04   4.8496079e-02
   6.9539078e+04   4.8347355e-02
   6.9739479e+04   4.8199562e-02
   6.9939880e+04   4.8052693e-02
   7.0140281e+04   4.7906738e-02
   7.0340681e+04   4.7761688e-02
   7.0541082e+04   4.7617535e-02
   7.0741483e+04   4.7474271e-02
   7.0941884e+04   4.7331887e-02
   7.1142285e+04   4.7190375e-02
   7.1342685e+04   4.7049726e-02
   7.1543086e+04   4.6909934e-02
   7.1743487e+04   4.6770989e-02
   7.1943888e+04   4.6632885e-02
   7.2144289e+04   4.6495612e-02
   7.2344689e+04   4.6359165e-02
   7.2545090e+04   4.6223534e-02
   7.2745491e+04   4.6088713e-02
   7.2945892e+04   4.5954694e-02
   7.3146293e+04   4.5821471e-02
   7.3346693e+04   4.5689035e-02
   7.3547094e+04   4.5557380e-02
   7.3747495e+04   4.5426499e-02
   7.3947896e+04   4.5296385e-02
   7.4148297e+04   4.5167030e-02
   7.4348697e+04   4.5038429e-02
   7.4549098e+04   4.4910575e-02
   7.4749499e+04   4.4783460e-02
   7.4949900e+04   4.4657079e-02
   7.5150301e+04   4.4531425e-02
   7.5350701e+04   4.4406492e-02
   7.5551102e+04   4.4282273e-02
   7.5751503e+04   4.4158762e-02
   7.5951904e+04   4.4035953e-02
   7.6152305e+04   4.3913840e-02
   7.6352705e+04   4.3792417e-02
   7.6553106e+04   4.3671678e-02
   7.6753507e+04   4.3551617e-02
   7.6953908e+04   4.3432229e-02
   7.7154309e+04   4.3313507e-02
   7.7354709e+04   4.3195446e-02
   7.7555110e+04   4.3078041e-02
   7.7755511e+04   4.2961285e-02
   7.7955912e+04   4.2845174e-02
   7.8156313e+04   4.2729701e-02
   7.8356713e+04   4.2614863e-02
   7.8557114e+04   4.2500652e-02
   7.8757515e+04   4.2387065e-02
   7.8957916e+04   4.2274096e-02
   7.9158317e+04   4.2161739e-02
   7.9358717e+04   4.2049991e-02
   7.9559118e+04   4.1938845e-02
   7.9759519e+04   4.1828297e-02
   7.9959920e+04   4.1718341e-02
   8.0160321e+04   4.1608974e-02
   8.0360721e+04   4.1500191e-02
   8.0561122e+04   4.1391985e-02
   8.0761523e+04   4.1284354e-02
   8.0961924e+04   4.1177292e-02
   8.1162325e+04   4.1070795e-02
   8.1362725e+04   4.0964858e-02
   8.1563126e+04   4.0859477e-02
   8.1763527e+04   4.0754647e-02
   8.1963928e+04   4.0650363e-02
   8.2164329e+04   4.0546623e-02
   8.2364729e+04   4.0443420e-02
   8.2565130e+04   4.0340752e-02
   8.2765531e+04   4.0238614e-02
   8.2965932e+04   4.0137001e-02
   8.3166333e+04   4.0035910e-02
   8.3366733e+04   3.9935336e-02
   8.3567134e+04   3.9835275e-02
   8.3767535e+04   3.9735725e-02
   8.3967936e+04   3.9636679e-02
   8.4168337e+04   3.9538136e-02
   8.4368737e+04   3.9440090e-02
   8.4569138e+04   3.9342538e-02
   8.4769539e+04   3.9245477e-02
   8.4969940e+04   3.9148901e-02
   8.5170341e+04   3.9052809e-02
   8.5370741e+04   3.8957196e-02
   8.5571142e+04   3.8862058e-02
   8.5771543e+04   3.8767392e-02
   8.5971944e+04   3.8673194e-02
   8.6172345e+04   3.8579461e-02
   8.6372745e+04   3.8486189e-02
   8.6573146e+04   3.8393376e-02
   8.6773547e+04   3.8301016e-02
   8.6973948e+04   3.8209108e-02
   8.7174349e+04   3.8117648e-02
   8.7374749e+04   3.8026631e-02
   8.7575150e+04   3.7936056e-02
   8.7775551e+04   3.7845919e-02
   8.7975952e+04   3.7756217e-02
   8.8176353e+04   3.7666946e-02
   8.8376754e+04   3.7578104e-02
   8.8577154e+04   3.7489686e-02
   8.8777555e+04   3.7401691e-02
   8.8977956e+04   3.7314115e-02
   8.9178357e+04   3.7226955e-02
   8.9378758e+04   3.7140208e-02
   8.9579158e+04   3.7053871e-02
   8.9779559e+04   3.6967942e-02
   8.9979960e+04   3.6882416e-02
   9.0180361e+04   3.6797292e-02
   9.0380762e+04   3.6712566e-02
   9.0581162e+04   3.6628236e-02
   9.0781563e+04   3.6544299e-02
   9.0981964e+04   3.6460752e-02
   9.1182365e+04   3.6377592e-02
   9.1382766e+04   3.6294817e-02
   9.1583166e+04   3.6212424e-02
   9.1783567e+04   3.6130410e-02
   9.1983968e+04   3.6048772e-02
   9.2184369e+04   3.5967509e-02
   9.2384770e+04   3.5886616e-02
   9.2585170e+04   3.5806093e-02
   9.2785571e+04   3.5725936e-02
   9.2985972e+04   3.5646142e-02
   9.3186373e+04   3.5566710e-02
   9.3386774e+04   3.5487637e-02
   9.3587174e+04   3.5408920e-02
   9.3787575e+04   3.5330556e-02
   9.3987976e+04   3.5252544e-02
   9.4188377e+04   3.5174881e-02
   9.4388778e+04   3.5097565e-02
   9.4589178e+04   3.5020593e-02
   9.4789579e+04   3.4943963e-02
   9.4989980e+04   3.4867673e-02
   9.5190381e+04   3.4791720e-02
   9.5390782e+04   3.4716102e-02
   9.5591182e+04   3.4640818e-02
   9.5791583e+04   3.4565864e-02
   9.5991984e+04   3.4491238e-02
   9.6192385e+04   3.4416939e-02
   9.6392786e+04   3.4342963e-02
   9.6593186e+04   3.4269310e-02
   9.6793587e+04   3.4195977e-02
   9.6993988e+04   3.4122961e-02
   9.7194389e+04   3.4050262e-02
   9.7394790e+04   3.3977875e-02
   9.7595190e+04   3.3905801e-02
   9.7795591e+04   3.3834035e-02
   9.7995992e+04   3.3762578e-02
   9.8196393e+04   3.3691426e-02
   9.8396794e+04   3.3620577e-02
   9.8597194e+04   3.3550030e-02
   9.8797595e+04   3.3479783e-02
   9.8997996e+04   3.3409833e-02
   9.9198397e+04   3.3340179e-02
   9.9398798e+04   3.3270819e-02
   9.9599198e+04   3.3201751e-02
   9.9799599e+04   3.3132973e-02
   1.0000000e+05   3.3064483e-02
