   0.0000000e+00   1.0000000e+00
   2.0040080e+02   9.9879159e-01
   4.0080160e+02   9.9721884e-01
   6.0120240e+02   9.9781159e-01
   8.0160321e+02   1.0011278e+00
   1.0020040e+03   1.0068439e+00
   1.2024048e+03   1.0145368e+00
   1.4028056e+03   1.0238468e+00
   1.6032064e+03   1.0344685e+00
   1.8036072e+03   1.0461224e+00
   2.0040080e+03   1.0585349e+00
   2.2044088e+03   1.0714259e+00
   2.4048096e+03   1.0845015e+00
   2.6052104e+03   1.0974495e+00
   2.8056112e+03   1.1099351e+00
   3.0060120e+03   1.1215963e+00
   3.2064128e+03   1.1320374e+00
   3.4068136e+03   1.1408187e+00
   3.6072144e+03   1.1474406e+00
   3.8076152e+03   1.1513160e+00
   4.0080160e+03   1.1517290e+00
   4.2084168e+03   1.1477713e+00
   4.4088176e+03   1.1382620e+00
   4.6092184e+03   1.1217176e+00
   4.8096192e+03   1.0967754e+00
   5.0100200e+03   1.0652608e+00
   5.2104208e+03   1.0491642e+00
   5.4108216e+03   1.1505069e+00
   5.6112224e+03   1.4507461e+00
   5.8116232e+03   1.6057228e+00
   6.0120240e+03   1.5801093e+00
   6.2124248e+03   1.5238053e+00
   6.4128257e+03   1.4741135e+00
   6.6132265e+03   1.4332930e+00
   6.8136273e+03   1.3989621e+00
   7.0140281e+03   1.3689906e+00
   7.2144289e+03   1.3419320e+00
   7.4148297e+03   1.3168549e+00
   7.6152305e+03   1.2931644e+00
   7.8156313e+03   1.2704802e+00
   8.0160321e+03   1.2485594e+00
   8.2164329e+03   1.2272470e+00
   8.4168337e+03   1.2064457e+00
   8.6172345e+03   1.1860953e+00
   8.8176353e+03   1.1661599e+00
   9.0180361e+03   1.1466190e+00
   9.2184369e+03   1.1274623e+00
   9.4188377e+03   1.1086850e+00
   9.6192385e+03   1.0902859e+00
   9.8196393e+03   1.0722652e+00
   1.0020040e+04   1.0546240e+00
   1.0220441e+04   1.0373630e+00
   1.0420842e+04   1.0204822e+00
   1.0621242e+04   1.0039809e+00
   1.0821643e+04   9.8785766e-01
   1.1022044e+04   9.7210977e-01
   1.1222445e+04   9.5673376e-01
   1.1422846e+04   9.4172530e-01
   1.1623246e+04   9.2707928e-01
   1.1823647e+04   9.1278996e-01
   1.2024048e+04   8.9885099e-01
   1.2224449e+04   8.8525557e-01
   1.2424850e+04   8.7199652e-01
   1.2625251e+04   8.5906635e-01
   1.2825651e+04   8.4645735e-01
   1.3026052e+04   8.3416165e-01
   1.3226453e+04   8.2217127e-01
   1.3426854e+04   8.1047821e-01
   1.3627255e+04   7.9907444e-01
   1.3827655e+04   7.8795199e-01
   1.4028056e+04   7.7710293e-01
   1.4228457e+04   7.6651944e-01
   1.4428858e+04   7.5619384e-01
   1.4629259e+04   7.4611855e-01
   1.4829659e+04   7.3628617e-01
   1.5030060e+04   7.2668944e-01
   1.5230461e+04   7.1732131e-01
   1.5430862e+04   7.0817486e-01
   1.5631263e+04   6.9924340e-01
   1.5831663e+04   6.9052041e-01
   1.6032064e+04   6.8199954e-01
   1.6232465e+04   6.7367467e-01
   1.6432866e+04   6.6553982e-01
   1.6633267e+04   6.5758923e-01
   1.6833667e+04   6.4981732e-01
   1.7034068e+04   6.4221869e-01
   1.7234469e+04   6.3478809e-01
   1.7434870e+04   6.2752049e-01
   1.7635271e+04   6.2041099e-01
   1.7835671e+04   6.1345487e-01
   1.8036072e+04   6.0664758e-01
   1.8236473e+04   5.9998471e-01
   1.8436874e+04   5.9346201e-01
   1.8637275e+04   5.8707537e-01
   1.8837675e+04   5.8082082e-01
   1.9038076e+04   5.7469453e-01
   1.9238477e+04   5.6869282e-01
   1.9438878e+04   5.6281210e-01
   1.9639279e+04   5.5704894e-01
   1.9839679e+04   5.5140000e-01
   2.0040080e+04   5.4586207e-01
   2.0240481e+04   5.4043205e-01
   2.0440882e+04   5.3510694e-01
   2.0641283e+04   5.2988385e-01
   2.0841683e+04   5.2475999e-01
   2.1042084e+04   5.1973264e-01
   2.1242485e+04   5.1479920e-01
   2.1442886e+04   5.0995715e-01
   2.1643287e+04   5.0520405e-01
   2.1843687e+04   5.0053754e-01
   2.2044088e+04   4.9595535e-01
   2.2244489e+04   4.9145528e-01
   2.2444890e+04   4.8703519e-01
   2.2645291e+04   4.8269303e-01
   2.2845691e+04   4.7842679e-01
   2.3046092e+04   4.7423456e-01
   2.3246493e+04   4.7011446e-01
   2.3446894e+04   4.6606470e-01
   2.3647295e+04   4.6208351e-01
   2.3847695e+04   4.5816921e-01
   2.4048096e+04   4.5432016e-01
   2.4248497e+04   4.5053477e-01
   2.4448898e+04   4.4681150e-01
   2.4649299e+04   4.4314886e-01
   2.4849699e+04   4.3954540e-01
   2.5050100e+04   4.3599973e-01
   2.5250501e+04   4.3251048e-01
   2.5450902e+04   4.2907634e-01
   2.5651303e+04   4.2569603e-01
   2.5851703e+04   4.2236831e-01
   2.6052104e+04   4.1909199e-01
   2.6252505e+04   4.1586588e-01
   2.6452906e+04   4.1268886e-01
   2.6653307e+04   4.0955983e-01
   2.6853707e+04   4.0647773e-01
   2.7054108e+04   4.0344151e-01
   2.7254509e+04   4.0045018e-01
   2.7454910e+04   3.9750274e-01
   2.7655311e+04   3.9459825e-01
   2.7855711e+04   3.9173580e-01
   2.8056112e+04   3.8891447e-01
   2.8256513e+04   3.8613340e-01
   2.8456914e+04   3.8339173e-01
   2.8657315e+04   3.8068865e-01
   2.8857715e+04   3.7802335e-01
   2.9058116e+04   3.7539505e-01
   2.9258517e+04   3.7280299e-01
   2.9458918e+04   3.7024642e-01
   2.9659319e+04   3.6772464e-01
   2.9859719e+04   3.6523693e-01
   3.0060120e+04   3.6278263e-01
   3.0260521e+04   3.6036105e-01
   3.0460922e+04   3.5797156e-01
   3.0661323e+04   3.5561353e-01
   3.0861723e+04   3.5328634e-01
   3.1062124e+04   3.5098939e-01
   3.1262525e+04   3.4872210e-01
   3.1462926e+04   3.4648391e-01
   3.1663327e+04   3.4427425e-01
   3.1863727e+04   3.4209259e-01
   3.2064128e+04   3.3993840e-01
   3.2264529e+04   3.3781117e-01
   3.2464930e+04   3.3571040e-01
   3.2665331e+04   3.3363559e-01
   3.2865731e+04   3.3158628e-01
   3.3066132e+04   3.2956199e-01
   3.3266533e+04   3.2756227e-01
   3.3466934e+04   3.2558667e-01
   3.3667335e+04   3.2363478e-01
   3.3867735e+04   3.2170615e-01
   3.4068136e+04   3.1980039e-01
   3.4268537e+04   3.1791708e-01
   3.4468938e+04   3.1605583e-01
   3.4669339e+04   3.1421627e-01
   3.4869739e+04   3.1239800e-01
   3.5070140e+04   3.1060067e-01
   3.5270541e+04   3.0882392e-01
   3.5470942e+04   3.0706739e-01
   3.5671343e+04   3.0533075e-01
   3.5871743e+04   3.0361365e-01
   3.6072144e+04   3.0191578e-01
   3.6272545e+04   3.0023680e-01
   3.6472946e+04   2.9857641e-01
   3.6673347e+04   2.9693430e-01
   3.6873747e+04   2.9531017e-01
   3.7074148e+04   2.9370373e-01
   3.7274549e+04   2.9211469e-01
   3.7474950e+04   2.9054276e-01
   3.7675351e+04   2.8898768e-01
   3.7875752e+04   2.8744918e-01
   3.8076152e+04   2.8592699e-01
   3.8276553e+04   2.8442085e-01
   3.8476954e+04   2.8293051e-01
   3.8677355e+04   2.8145572e-01
   3.8877756e+04   2.7999625e-01
   3.9078156e+04   2.7855185e-01
   3.9278557e+04   2.7712230e-01
   3.9478958e+04   2.7570736e-01
   3.9679359e+04   2.7430681e-01
   3.9879760e+04   2.7292044e-01
   4.0080160e+04   2.7154803e-01
   4.0280561e+04   2.7018937e-01
   4.0480962e+04   2.6884425e-01
   4.0681363e+04   2.6751247e-01
   4.0881764e+04   2.6619384e-01
   4.1082164e+04   2.6488817e-01
   4.1282565e+04   2.6359525e-01
   4.1482966e+04   2.6231491e-01
   4.1683367e+04   2.6104697e-01
   4.1883768e+04   2.5979124e-01
   4.2084168e+04   2.5854755e-01
   4.2284569e+04   2.5731572e-01
   4.2484970e+04   2.5609559e-01
   4.2685371e+04   2.5488700e-01
   4.2885772e+04   2.5368977e-01
   4.3086172e+04   2.5250375e-01
   4.3286573e+04   2.5132878e-01
   4.3486974e+04   2.5016472e-01
   4.3687375e+04   2.4901140e-01
   4.3887776e+04   2.4786868e-01
   4.4088176e+04   2.4673641e-01
   4.4288577e+04   2.4561445e-01
   4.4488978e+04   2.4450267e-01
   4.4689379e+04   2.4340092e-01
   4.4889780e+04   2.4230907e-01
   4.5090180e+04   2.4122698e-01
   4.5290581e+04   2.4015452e-01
   4.5490982e+04   2.3909158e-01
   4.5691383e+04   2.3803801e-01
   4.5891784e+04   2.3699370e-01
   4.6092184e+04   2.3595853e-01
   4.6292585e+04   2.3493237e-01
   4.6492986e+04   2.3391511e-01
   4.6693387e+04   2.3290663e-01
   4.6893788e+04   2.3190683e-01
   4.7094188e+04   2.3091558e-01
   4.7294589e+04   2.2993278e-01
   4.7494990e+04   2.2895833e-01
   4.7695391e+04   2.2799211e-01
   4.7895792e+04   2.2703402e-01
   4.8096192e+04   2.2608396e-01
   4.8296593e+04   2.2514183e-01
   4.8496994e+04   2.2420752e-01
   4.8697395e+04   2.2328096e-01
   4.8897796e+04   2.2236203e-01
   4.9098196e+04   2.2145064e-01
   4.9298597e+04   2.2054670e-01
   4.9498998e+04   2.1965012e-01
   4.9699399e+04   2.1876081e-01
   4.9899800e+04   2.1787868e-01
   5.0100200e+04   2.1700365e-01
   5.0300601e+04   2.1613563e-01
   5.0501002e+04   2.1527453e-01
   5.0701403e+04   2.1442028e-01
   5.0901804e+04   2.1357279e-01
   5.1102204e+04   2.1273198e-01
   5.1302605e+04   2.1189777e-01
   5.1503006e+04   2.1107009e-01
   5.1703407e+04   2.1024886e-01
   5.1903808e+04   2.0943400e-01
   5.2104208e+04   2.0862544e-01
   5.2304609e+04   2.0782311e-01
   5.2505010e+04   2.0702693e-01
   5.2705411e+04   2.0623684e-01
   5.2905812e+04   2.0545277e-01
   5.3106212e+04   2.0467464e-01
   5.3306613e+04   2.0390239e-01
   5.3507014e+04   2.0313595e-01
   5.3707415e+04   2.0237526e-01
   5.3907816e+04   2.0162026e-01
   5.4108216e+04   2.0087087e-01
   5.4308617e+04   2.0012704e-01
   5.4509018e+04   1.9938871e-01
   5.4709419e+04   1.9865581e-01
   5.4909820e+04   1.9792828e-01
   5.5110220e+04   1.9720607e-01
   5.5310621e+04   1.9648912e-01
   5.5511022e+04   1.9577737e-01
   5.5711423e+04   1.9507077e-01
   5.5911824e+04   1.9436925e-01
   5.6112224e+04   1.9367277e-01
   5.6312625e+04   1.9298126e-01
   5.6513026e+04   1.9229468e-01
   5.6713427e+04   1.9161298e-01
   5.6913828e+04   1.9093610e-01
   5.7114228e+04   1.9026399e-01
   5.7314629e+04   1.8959660e-01
   5.7515030e+04   1.8893388e-01
   5.7715431e+04   1.8827578e-01
   5.7915832e+04   1.8762226e-01
   5.8116232e+04   1.8697326e-01
   5.8316633e+04   1.8632875e-01
   5.8517034e+04   1.8568866e-01
   5.8717435e+04   1.8505297e-01
   5.8917836e+04   1.8442162e-01
   5.9118236e+04   1.8379456e-01
   5.9318637e+04   1.8317176e-01
   5.9519038e+04   1.8255317e-01
   5.9719439e+04   1.8193875e-01
   5.9919840e+04   1.8132846e-01
   6.0120240e+04   1.8072225e-01
   6.0320641e+04   1.8012009e-01
   6.0521042e+04   1.7952193e-01
   6.0721443e+04   1.7892773e-01
   6.0921844e+04   1.7833746e-01
   6.1122244e+04   1.7775108e-01
   6.1322645e+04   1.7716854e-01
   6.1523046e+04   1.7658982e-01
   6.1723447e+04   1.7601486e-01
   6.1923848e+04   1.7544365e-01
   6.2124248e+04   1.7487613e-01
   6.2324649e+04   1.7431227e-01
   6.2525050e+04   1.7375205e-01
   6.2725451e+04   1.7319541e-01
   6.2925852e+04   1.7264234e-01
   6.3126253e+04   1.7209279e-01
   6.3326653e+04   1.7154673e-01
   6.3527054e+04   1.7100413e-01
   6.3727455e+04   1.7046496e-01
   6.3927856e+04   1.6992917e-01
   6.4128257e+04   1.6939675e-01
   6.4328657e+04   1.6886766e-01
   6.4529058e+04   1.6834187e-01
   6.4729459e+04   1.6781934e-01
   6.4929860e+04   1.6730006e-01
   6.5130261e+04   1.6678397e-01
   6.5330661e+04   1.6627107e-01
   6.5531062e+04   1.6576131e-01
   6.5731463e+04   1.6525468e-01
   6.5931864e+04   1.6475113e-01
   6.6132265e+04   1.6425065e-01
   6.6332665e+04   1.6375320e-01
   6.6533066e+04   1.6325876e-01
   6.6733467e+04   1.6276729e-01
   6.6933868e+04   1.6227879e-01
   6.7134269e+04   1.6179320e-01
   6.7334669e+04   1.6131052e-01
   6.7535070e+04   1.6083071e-01
   6.7735471e+04   1.6035375e-01
   6.7935872e+04   1.5987962e-01
   6.8136273e+04   1.5940828e-01
   6.8336673e+04   1.5893971e-01
   6.8537074e+04   1.5847390e-01
   6.8737475e+04   1.5801081e-01
   6.8937876e+04   1.5755042e-01
   6.9138277e+04   1.5709271e-01
   6.9338677e+04   1.5663765e-01
   6.9539078e+04   1.5618522e-01
   6.9739479e+04   1.5573541e-01
   6.9939880e+04   1.5528818e-01
   7.0140281e+04   1.5484351e-01
   7.0340681e+04   1.5440138e-01
   7.0541082e+04   1.5396177e-01
   7.0741483e+04   1.5352467e-01
   7.0941884e+04   1.5309004e-01
   7.1142285e+04   1.5265786e-01
   7.1342685e+04   1.5222812e-01
   7.1543086e+04   1.5180080e-01
   7.1743487e+04   1.5137587e-01
   7.1943888e+04   1.5095331e-01
   7.2144289e+04   1.5053311e-01
   7.2344689e+04   1.5011525e-01
   7.2545090e+04   1.4969970e-01
   7.2745491e+04   1.4928644e-01
   7.2945892e+04   1.4887547e-01
   7.3146293e+04   1.4846675e-01
   7.3346693e+04   1.4806027e-01
   7.3547094e+04   1.4765601e-01
   7.3747495e+04   1.4725396e-01
   7.3947896e+04   1.4685409e-01
   7.4148297e+04   1.4645639e-01
   7.4348697e+04   1.4606084e-01
   7.4549098e+04   1.4566743e-01
   7.4749499e+04   1.4527613e-01
   7.4949900e+04   1.4488692e-01
   7.5150301e+04   1.4449980e-01
   7.5350701e+04   1.4411474e-01
   7.5551102e+04   1.4373174e-01
   7.5751503e+04   1.4335076e-01
   7.5951904e+04   1.4297180e-01
   7.6152305e+04   1.4259484e-01
   7.6352705e+04   1.4221986e-01
   7.6553106e+04   1.4184686e-01
   7.6753507e+04   1.4147580e-01
   7.6953908e+04   1.4110668e-01
   7.7154309e+04   1.4073949e-01
   7.7354709e+04   1.4037420e-01
   7.7555110e+04   1.4001081e-01
   7.7755511e+04   1.3964929e-01
   7.7955912e+04   1.3928964e-01
   7.8156313e+04   1.3893184e-01
   7.8356713e+04   1.3857587e-01
   7.8557114e+04   1.3822172e-01
   7.8757515e+04   1.3786938e-01
   7.8957916e+04   1.3751884e-01
   7.9158317e+04   1.3717007e-01
   7.9358717e+04   1.3682307e-01
   7.9559118e+04   1.3647782e-01
   7.9759519e+04   1.3613431e-01
   7.9959920e+04   1.3579253e-01
   8.0160321e+04   1.3545246e-01
   8.0360721e+04   1.3511409e-01
   8.0561122e+04   1.3477740e-01
   8.0761523e+04   1.3444240e-01
   8.0961924e+04   1.3410905e-01
   8.1162325e+04   1.3377736e-01
   8.1362725e+04   1.3344730e-01
   8.1563126e+04   1.3311887e-01
   8.1763527e+04   1.3279205e-01
   8.1963928e+04   1.3246684e-01
   8.2164329e+04   1.3214321e-01
   8.2364729e+04   1.3182117e-01
   8.2565130e+04   1.3150069e-01
   8.2765531e+04   1.3118176e-01
   8.2965932e+04   1.3086438e-01
   8.3166333e+04   1.3054854e-01
   8.3366733e+04   1.3023421e-01
   8.3567134e+04   1.2992140e-01
   8.3767535e+04   1.2961009e-01
   8.3967936e+04   1.2930026e-01
   8.4168337e+04   1.2899192e-01
   8.4368737e+04   1.2868504e-01
   8.4569138e+04   1.2837962e-01
   8.4769539e+04   1.2807565e-01
   8.4969940e+04   1.2777312e-01
   8.5170341e+04   1.2747201e-01
   8.5370741e+04   1.2717232e-01
   8.5571142e+04   1.2687403e-01
   8.5771543e+04   1.2657715e-01
   8.5971944e+04   1.2628165e-01
   8.6172345e+04   1.2598752e-01
   8.6372745e+04   1.2569477e-01
   8.6573146e+04   1.2540337e-01
   8.6773547e+04   1.2511332e-01
   8.6973948e+04   1.2482462e-01
   8.7174349e+04   1.2453724e-01
   8.7374749e+04   1.2425118e-01
   8.7575150e+04   1.2396644e-01
   8.7775551e+04   1.2368299e-01
   8.7975952e+04   1.2340085e-01
   8.8176353e+04   1.2311998e-01
   8.8376754e+04   1.2284040e-01
   8.8577154e+04   1.2256208e-01
   8.8777555e+04   1.2228502e-01
   8.8977956e+04   1.2200921e-01
   8.9178357e+04   1.2173464e-01
   8.9378758e+04   1.2146131e-01
   8.9579158e+04   1.2118920e-01
   8.9779559e+04   1.2091831e-01
   8.9979960e+04   1.2064863e-01
   9.0180361e+04   1.2038015e-01
   9.0380762e+04   1.2011286e-01
   9.0581162e+04   1.1984676e-01
   9.0781563e+04   1.1958184e-01
   9.0981964e+04   1.1931808e-01
   9.1182365e+04   1.1905549e-01
   9.1382766e+04   1.1879405e-01
   9.1583166e+04   1.1853375e-01
   9.1783567e+04   1.1827460e-01
   9.1983968e+04   1.1801658e-01
   9.2184369e+04   1.1775968e-01
   9.2384770e+04   1.1750389e-01
   9.2585170e+04   1.1724922e-01
   9.2785571e+04   1.1699565e-01
   9.2985972e+04   1.1674318e-01
   9.3186373e+04   1.1649179e-01
   9.3386774e+04   1.1624148e-01
   9.3587174e+04   1.1599225e-01
   9.3787575e+04   1.1574408e-01
   9.3987976e+04   1.1549698e-01
   9.4188377e+04   1.1525092e-01
   9.4388778e+04   1.1500592e-01
   9.4589178e+04   1.1476195e-01
   9.4789579e+04   1.1451902e-01
   9.4989980e+04   1.1427712e-01
   9.5190381e+04   1.1403623e-01
   9.5390782e+04   1.1379636e-01
   9.5591182e+04   1.1355750e-01
   9.5791583e+04   1.1331964e-01
   9.5991984e+04   1.1308277e-01
   9.6192385e+04   1.1284689e-01
   9.6392786e+04   1.1261200e-01
   9.6593186e+04   1.1237808e-01
   9.6793587e+04   1.1214513e-01
   9.6993988e+04   1.1191314e-01
   9.7194389e+04   1.1168212e-01
   9.7394790e+04   1.1145204e-01
   9.7595190e+04   1.1122292e-01
   9.7795591e+04   1.1099473e-01
   9.7995992e+04   1.1076748e-01
   9.8196393e+04   1.1054116e-01
   9.8396794e+04   1.1031576e-01
   9.8597194e+04   1.1009128e-01
   9.8797595e+04   1.0986771e-01
   9.8997996e+04   1.0964504e-01
   9.9198397e+04   1.0942328e-01
   9.9398798e+04   1.0920242e-01
   9.9599198e+04   1.0898244e-01
   9.9799599e+04   1.0876335e-01
   1.0000000e+05   1.0854514e-01
